Unnamed: 0,1,2,3,4,5,6,7,slope,nt_ch
서울의 봄,55.50419,73.67073,79.25816,71.19690682872215,91.71449075599529,88.93493,72.35861,3.3409996698569735,14.428513544817875
파묘,67.49954,82.78116,75.60018635864003,84.74670131624185,78.13019,54.66054,51.43671,-3.6392759413800015,-16.247750252053798
범죄도시4,100.0,84.14176,70.42814,31.6227952530688,46.6069551919917,50.76426,42.00864,-9.448223743143155,-25.088222082603302
아바타: 물의 길,84.31055,82.30668,81.87475,75.60018635864003,68.31440624890186,57.97047,53.22427,-5.553271562539221,-21.186659506692727
범죄도시3,95.40589,93.4583,83.45108,75.60018635864003,87.46481854289252,75.90528,73.95812,-3.408414694896696,-7.869457908695836
탑건: 매버릭,47.76435,70.3333,80.55213,75.60018635864003,79.66012499152771,63.51917,55.09826,0.2671951782688475,-2.4699732591507626
한산: 용의 출현,76.60501,75.02815,81.71676,75.60018635864003,87.97365624275224,73.24882,62.14314,-1.453120491330276,-2.782321175409251
공조2: 인터내셔날,44.95568,61.63098,85.55714,69.80965663818212,91.71449075599529,80.01477,39.67805,0.9675728841426883,4.98073942578624
스즈메의 문단속,66.4819,66.54868,65.67709,75.41024995205873,91.71449075599529,62.07442,52.15665,-0.9245310444287398,0.11904026398374867
밀수,69.10096,78.07228,77.95637,75.60018635864003,73.35593298701151,72.55591,61.71737,-1.3494266790353038,-5.972711427322849
노량: 죽음의 바다,44.5216,64.09829,67.6314,45.05350078606048,91.71449075599529,82.11739,43.53888,2.0418975269998314,17.13072255548331
헌트,54.15481,61.53569,60.67855,31.249545948766038,91.71449075599529,80.4856,46.10899,1.5999393127141175,20.86504459814025
가디언즈 오브 갤럭시: Volume 3,43.59502,71.45174,100.0,20.12998677768481,19.0231849847326,35.27559,28.70895,-7.070975893402407,-31.124945032843673
미션 임파서블: 데드 레코닝 PART ONE,29.84272,52.62221,66.76301,75.60018635864003,73.72313950107835,40.91445,33.42786,-0.20357037496148703,-6.85188175596722
콘크리트 유토피아,86.39892,89.60977,88.56044,75.60018635864003,73.8365819557183,75.19782,72.18696,-3.0779870730100614,-11.301875104420574
웡카,75.76745,83.01571,77.02068,75.60018635864003,80.35600359856147,65.10069,49.8299,-3.9395488000513756,-12.755475390139523
올빼미,54.58623,57.09637,74.73146,75.60018635864003,83.52080253657721,58.07248,58.52794,0.8059533048777574,1.2035125891990504
영웅,62.48215,72.18808,74.57641,75.60018635864003,84.4542391380893,68.39014,57.08114,-0.4971814593539529,-1.2365335436302303
오펜하이머,100.0,75.96485,47.88505,47.40836,-13.49311037384696,5.9108087255624895,33.42584,-14.328882961525784,-59.200052216094825
쥬라기 월드: 도미니언,100.0,63.81119,65.50343,43.3177457205431,78.64354636590073,70.02542,33.57357,-6.203954058360689,-7.410579308168863
마녀(魔女) Part2. The Other One,38.00357,72.37239,80.6595,75.60018635864003,64.51673592000085,58.38886,48.82331,-0.4160930028571119,-9.41594294965973
토르: 러브 앤 썬더,73.45729,77.01659,76.66532,75.60018635864003,76.00490433654831,52.58151,43.07567,-5.024122702266131,-18.464151810810577
미니언즈2,74.10996,76.86327,78.85553,75.60018635864003,82.22585609837415,64.44669,58.92537,-2.39345013934378,-7.824597890201957
30일,74.38101,63.85742,53.65199,61.51196,21.522756558941403,91.71449075599529,82.00159,1.658808859676141,1.7290174383122263
블랙 팬서: 와칸다 포에버,67.71521,67.33734,69.37357,75.60018635864003,60.14890676063677,45.96353,40.6221,-4.758986187120115,-21.095064336114405
비상선언,96.52671,100.0,88.14752,57.52842149339115,48.45786787650593,50.8776,38.50106,-11.143264361553358,-39.60515358117913
그대들은 어떻게 살 것인가,100.0,95.10975,84.78338,70.57248490385092,68.98689246521694,59.32027,46.89871,-8.809975626242252,-29.21444623755709
듄: 파트2,59.47599,85.27287,100.0,42.342465283898406,26.411841020271417,41.04356,35.38566,-8.36849174927602,-37.4924776475508
육사오(6/45),56.80107,55.99733,73.58426,75.60018635864003,73.18195515037179,72.09362,75.51416,3.1403408982275645,8.100866793797266
존 윅 4,73.86113,79.36647,74.84138,75.60018635864003,72.09637797549412,56.43253,46.59675,-4.657357929446639,-17.54207226449531
천박사 퇴마 연구소: 설경의 비밀,54.39489,90.56454,100.0,67.62462771698328,58.54940088973875,71.08514,51.71793,-3.158581396795044,-17.695190799332913
헤어질 결심,79.77385,87.34505,84.86067,75.60018635864003,80.3713420660936,78.47386,69.85322,-1.8569142119252287,-5.662131734295471
분노의 질주: 라이드 오어 다이,61.46216,72.08416,79.75611,75.60018635864003,65.52794526350348,52.67219,46.06549,-3.5443612405891614,-17.470445668492175
쿵푸팬더4,100.0,53.17659,54.00778,14.90997445087406,18.89119558909597,33.73411,26.29053,-10.540355514675143,-29.21830758301986
교섭,53.00934,63.45611,69.57795,38.3629236918564,86.81326925291,100.0,76.26167,5.717146044746785,31.590065494672558
시민덕희,58.87173,66.0944,75.01622,75.60018635864003,71.66572226168927,57.91016,50.79507,-1.569605633511097,-8.771983335763586
앤트맨과 와스프: 퀀텀매니아,80.9493,74.78395,74.79541,75.60018635864003,58.5805852874428,49.20174,43.7551,-6.3914944540199,-26.01973649384574
외계+인 1부,64.67847,76.30586,79.56502,75.60018635864003,74.78141191198209,60.77891,54.14576,-2.408415646000639,-10.80202345233264
잠,58.31183,75.25955,80.952,75.60018635864003,75.96340698842243,61.20781,48.58399,-2.224128321842056,-10.61248926018586
외계+인 2부,66.13864,78.88549,78.24014,75.60018635864003,72.48617476191349,51.21147,46.96678,-4.236342329931661,-17.827972502355514
위시,61.58326,79.69105,84.58378,75.60018635864003,68.73307929650232,53.47371,48.18168,-3.8746471679820607,-18.568412657492573
달짝지근해: 7510,92.27279,93.94674,79.54944,80.86524,75.60018635864003,74.20856844045684,62.41269,-4.750210598587368,-15.91807090030106
브로커,82.93962,91.5122,82.62876,75.60018635864003,76.06540697902297,59.17213,43.39345,-6.781500107892037,-23.62652926331902
"오늘 밤, 세계에서 이 사랑이 사라진다 해도",58.5841,66.39518,72.65825,55.19869598084237,91.71449075599529,80.20903,90.39045,5.075106812714118,24.22893375678784
인생은 아름다워,63.41105,72.53871,68.808,42.39770284835212,91.71449075599529,96.0453,59.89583,2.120500384142688,20.76300787324373
드림,72.19391,86.02286,83.02259,75.60018635864003,72.77279293482701,64.45402,43.62341,-4.967820609470463,-18.92647894471766
비공식작전,77.29542,85.47594,86.78021,75.60018635864003,68.07462196671342,57.31527,45.32605,-6.1048227869030915,-24.382625100755526
1947 보스톤,57.17382,93.48269,100.0,62.22855086063731,51.62662829706469,66.92605,45.05098,-4.923398989390547,-23.686712449471088
댓글부대,87.15022,97.97418,84.68889,75.60018635864003,53.4450470028689,47.50997,37.46878,-10.043449392754683,-40.21210342203704
스파이더맨: 어크로스 더 유니버스,59.75454,78.88028,75.5355,75.60018635864003,72.03335438958304,57.33453,45.56239,-3.1846462718006054,-14.132535126465669
데시벨,69.32062,85.01867,84.5526,75.60018635864003,78.2234491489563,57.93831,48.40441,-4.401375030394418,-17.100962706674572
정직한 후보2,68.15014,89.26798,82.46179,60.59710564534024,91.71449075599529,86.52284,45.65441,-2.27588461585731,-0.48867365933664075
아쿠아맨과 로스트 킹덤,72.82577,71.25137,68.6598,51.50985977608575,91.71449075599529,82.03616,38.39031,-2.095789615857312,4.651953641310314
인디아나 존스: 운명의 다이얼,59.61262,70.47987,81.1245,75.60018635864003,48.664552498769126,45.77576,39.57585,-5.070659910758246,-27.032239923403637
장화신은 고양이: 끝내주는 모험,57.32084,75.19608,75.5862,75.60018635864003,66.49615124072339,51.1985,46.10777,-3.240157812831306,-16.325019509418873
블랙 아담,75.10852,74.90179,80.25068,75.60018635864003,62.489635480899366,49.87431,42.96041,-5.866440518539308,-24.69050892936022
트랜스포머: 비스트의 서막,100.0,58.12365,64.96506,74.13142,61.805583582597336,61.786799724771534,50.08247,-5.1994916774235564,-16.413414730877044
대외비,100.0,72.47257,68.9773,39.11767044357042,39.85472278581676,38.85317,31.13641,-10.819719543363687,-33.52711751562036
자백,53.24456,61.55303,77.34301,75.60018635864003,56.76766682186354,58.77551,51.2699,-1.1447986849334453,-11.330837649038827
프레디의 피자가게,51.7644,77.23932,77.46131,75.60018635864003,67.31550696685512,55.96823,41.68977,-2.961138322612317,-15.525135100708304
리바운드,63.43455,68.68538,68.00585,75.60018635864003,75.82229963503194,56.89456,48.48945,-2.164303227320288,-8.529388377982698
더 마블스,100.0,86.58613,81.45758,64.69324598768844,53.206883327175326,48.66193,43.21898,-9.801505595458025,-34.82164122119699
귀공자,83.02956,93.68237,92.94656,75.60018635864003,82.96367403712328,68.98739,59.74005,-4.615763427245598,-15.75096441061892
유령,66.59034,79.27332,81.85842,46.430065882119095,90.363985343615,100.0,77.1313,2.9136359051291074,20.627058644008585
인어공주,100.0,94.17408,83.94388,55.36713722659554,63.86140521486366,67.54869,64.4574,-6.4271805280405845,-18.082109235027673
플래시,89.73415,83.65403,85.95482,75.60018635864003,67.86138943942052,57.92813,46.25689,-7.142036091449268,-26.386993443186505
압꾸정,100.0,85.02663,72.02944,64.4338668812999,69.51300026459256,48.11898,45.16211,-8.601621776264551,-26.107787465460774
바비,99.37797,100.0,88.68441,57.678950105120855,64.53906427615222,79.74989,59.21646,-6.6117891329945655,-18.600194434229493
극장판 포켓몬스터DP: 기라티나와 하늘의 꽃다발 쉐이미,95.62917,43.39532,51.3859,33.80259618457008,91.71449075599529,75.81515,28.21143,-3.467320330143025,9.193777039189243
남은 인생 10년,49.04997,63.35992,71.38276,75.60018635864003,87.54136355268997,84.04308,50.75657,2.2373115554532133,9.265462094569997
괴물,53.46299,77.84475,82.30477,75.60018635864003,67.42706689879903,64.78126,67.23088,0.010678103528536502,-5.82343845672699
"귀멸의 칼날: 상현집결, 그리고 도공 마을로",44.79907,76.95346,75.60018635864003,40.39821527304632,36.63206,30.19066,31.2394,-6.184740584237145,-26.750359574588252
3일의 휴가,66.43193,88.23431,93.43096,75.60018635864003,70.30185912304836,69.20786,60.20426,-2.8523218170339866,-14.35302021531055
더 문,93.42782,100.0,85.05821,59.67239715684551,56.57298123556731,65.84944,50.85961,-8.017534955872595,-26.77892971068895
고질라 X 콩: 뉴 엠파이어,61.03926,70.37274,75.89208,75.60018635864003,50.53785901848501,40.13513,34.23699,-5.937008963625536,-29.089406916831678
동감,96.13013,99.59426,85.66706,75.60018635864003,78.51952904463778,57.28442,45.50215,-8.701826819834366,-28.812542741447423
소년들,60.96625,66.36262,80.89498,75.60018635864003,67.65979581331793,55.27005,45.17936,-2.956464078095789,-14.91960715188737
늑대사냥,100.0,96.81323,81.57175,32.64387787833859,39.86289129734135,46.07625,34.69351,-12.110796025094952,-37.54633070380419
뽀로로 극장판 드래곤캐슬 대모험,72.22427,87.02508,65.64586485942904,91.71449075599529,84.80726,71.31593,59.95481,-1.7523316021224666,-7.126426403856087
신비아파트 극장판 차원도깨비와 7개의 세계,45.30445,51.35604,67.98993,75.60018635864003,83.30856856480133,51.75215,43.98311,0.4338156630286191,-0.3813754013928943
타겟,57.32147,69.63174,76.53081,75.60018635864003,76.89109780327095,57.46465,50.03579,-1.636819007026037,-8.307205655236352
스위치,60.90752,73.0637,77.72465,75.60018635864003,56.28659223932984,50.34324,42.25912,-4.38657777716679,-22.19436334321673
놉,90.26416,89.09047,84.42109,75.60018635864003,65.49821777466852,53.96372,49.1596,-7.588930436618982,-28.636797331437158
서치 2,71.96896,71.66777,77.68174,75.60018635864003,70.50567903686105,58.82753,63.69852,-2.0595664629692476,-9.885754410706312
리멤버,68.9181,92.4884,88.3256,75.60018635864003,52.41525797884445,53.40436,43.70444,-6.775692929326984,-31.491718930045195
트롤: 밴드 투게더,34.57225,49.65898,60.39883,52.87349028408789,91.71449075599529,76.46696,28.12496,2.342491098428403,16.059582680976455
인시디어스: 빨간 문,79.88575,83.84921,86.25199,75.60018635864003,73.59347461172727,58.65965,48.96691,-5.564076978152598,-20.990105885750914
싱글 인 서울,73.96282,74.72081,75.17966,75.60018635864003,71.24115609956206,64.21024,55.57844,-2.8611708535870686,-11.189257056472655
카운트,63.22757,74.47733,81.82189,75.60018635864003,68.40640431456946,56.95235,59.69376,-2.1095312744796617,-12.097572651470188
뽀로로 극장판 슈퍼스타 대모험,45.76271,52.84946,67.74936,73.37991537143229,91.71449075599529,53.61424,37.09324,-0.018347115857310876,0.8719622424736926
에브리씽 에브리웨어 올 앳 원스,46.85096,55.20846,63.6762,64.53478166251347,91.71449075599529,77.84991,77.32995,5.884220026999829,24.730516503036718
상견니,90.25868,100.0,92.6551,74.4863746093325,77.77907557411419,68.62547,64.84996,-5.494687300924492,-18.931870127628386
도그데이즈,47.63784,68.60938,77.37103,75.60018635864003,87.3501483560595,69.40894,42.79557,-0.10530613014073202,-0.7863896376401698
더 넌 2,73.60846,100.0,89.5378,56.01905296182838,54.49734445043303,79.22268,55.83449,-4.639893055341678,-16.606490090312747
탄생,68.89489,69.72641,75.11816,75.60018635864003,62.54635670821936,50.34886,52.39202,-3.6012683318493086,-17.23916602025355
소풍,43.78808,92.74447,90.57681,75.60018635864003,66.58551377461653,66.54033,42.55702,-2.860455579477982,-17.11643199812118
인투 더 월드,63.90112,72.29152,77.13254,75.60018635864003,71.86523692794492,48.17488,46.23918,-3.803085824001968,-16.804909280345043
버즈 라이트이어,66.19802,61.67994,73.52936,75.60018635864003,71.26485951576964,47.41772,37.00782,-4.227126445865369,-17.35507675107013
웅남이,82.90548,100.0,84.54976,54.50118634342657,61.43900774911784,63.01705,51.03584,-6.881627580388648,-21.9918073361507
거미집,71.27422,100.0,96.91288,53.992342565295054,41.81053290890715,55.97125,38.07203,-8.670229181824745,-35.260256338354715
극장판 스파이 패밀리 코드 : 화이트,52.2895,63.35026,70.73256,75.60018635864003,60.19014219256144,41.69173,35.71205,-3.699708135979949,-19.628485858806194
용감한 시민,67.02439,90.81134,91.57491,75.60018635864003,63.06046547162802,54.44698,48.79741,-5.5687180188704275,-25.81775476578401
화란,74.85742,85.45832,83.27161,75.60018635864003,70.35813836677883,57.3594,48.13237,-5.331659344043613,-21.180247967400398
크리에이터,100.0,71.14004,55.12649,59.34476,12.432969595092878,82.46825954257449,63.25076,-4.653028618562791,-18.685492787444204
옥수역귀신,64.01933,56.54503,72.47971,75.60018635864003,76.57426104864524,64.43807,56.5258,-0.09285567683409848,-1.3150204067782454
아임 히어로 더 파이널,77.86812,74.86056,85.48605,75.60018635864003,60.42123413082293,45.32447,43.82851,-6.651993781042039,-28.59565771271904
DC 리그 오브 슈퍼-펫,58.90669,61.21298,66.52332,61.298968469396655,91.71449075599529,81.43407,40.04462,0.32311216985697555,9.078903967982598
데드맨,61.7934,91.17643,100.0,56.29309543374308,59.66082591972127,54.72236,32.679,-7.163946931438525,-28.29500271852867
소울메이트,51.98287,69.77227,80.3816,75.60018635864003,71.29457063484202,55.09062,47.52014,-1.8513756916127857,-11.465788044712674
극장판 헬로카봇: 수상한 마술단의 비밀,36.24742,41.82394,54.52715,47.4219050909134,91.71449075599529,94.94186,24.90814,3.9073335984284046,25.516393145936746
메간,62.03538,70.2381,74.6164,75.60018635864003,52.68285448764664,48.76339,49.25035,-3.687073411155478,-20.390318427111133
나폴레옹,77.35659,89.814,87.66815,75.60018635864003,66.33171697566449,62.62525,54.46328,-5.156923679440553,-21.469649264438516
젠틀맨,71.10829,88.07741,98.44341,75.60018635864003,64.00604843697025,49.37449,39.18155,-7.415122198679634,-32.45329461066991
극장판 뽀로로와 친구들: 바이러스를 없애줘!,34.26871,55.88251,18.732759666566587,91.71449075599529,52.19195,33.4225,34.30692,-0.4052214166630928,-10.175827605640464
스턴트맨,75.40627,66.80513,73.07109,39.43109988169252,91.71449075599529,66.70689,43.01832,-2.8113189015715974,3.468169448241966
바빌론,57.14943,68.17734,82.09204,75.60018635864003,61.70295380086596,48.11269,42.10485,-3.7732902213976445,-20.11458448937136
브레드이발소: 셀럽 인 베이커리타운,98.20089,75.60018635864003,39.90918498590148,31.89404,22.31326,21.96211,20.96067,-12.73545491797077,-39.655728669468715
멍뭉이,100.0,72.01165,76.17047,60.88083343681416,55.42793271325717,50.40314,35.54712,-9.189935617383671,-30.13967412145115
킬링 로맨스,70.96065,75.60018635864003,51.73232785400696,50.95243,46.67035,42.81276,41.59114,-5.669477163260249,-18.619981886495076
헝거게임: 노래하는 새와 뱀의 발라드,68.70687,85.92625,85.2536,75.60018635864003,47.28533452283354,48.39008,43.73346,-6.712886981327373,-32.40210174871549
오멘: 저주의 시작,47.34973,57.59075,73.99614,75.60018635864003,54.86245563489035,42.25797,60.39978,-0.38032479875391595,-11.127466378029894
오펀: 천사의 탄생,50.65053,65.58598,81.25524,75.60018635864003,55.3208253567335,48.21994,44.97789,-2.774443380116661,-18.76676563741551
극장판 엄마 까투리: 도시로 간 까투리 가족,44.76297,76.19398,48.18131745893123,91.71449075599529,88.82177,40.21095,24.18903,-3.3231224092475435,-14.139272887064976
퍼피 구조대: 더 마이티 무비,38.08776,14.412753056213576,91.71449075599529,75.16506,32.17086,21.97132,21.85459,-3.325928816729373,-29.512759286385545
플라워 킬링 문,49.38352,81.72514,75.60018635864003,52.26892867119273,52.9375,43.69105,40.73437,-4.452797012808572,-18.956803757458196
마루이 비디오,95.90349,91.98204,84.81183,75.60018635864003,77.43256043994127,65.40195,59.91448,-6.018088555716384,-19.491389776346253
가여운 것들,52.48738,70.97628,84.97106,75.60018635864003,52.784788999196834,88.56079,67.85662,1.7532310356856016,-1.2746602565943732
아가일,81.04411,100.0,93.82305,41.69838111888977,70.98452733168465,71.14491,42.23669,-7.03467723815412,-17.686009502494223
극장판 슈퍼윙스: 맥시멈 스피드,46.7852,70.20474,75.60018635864003,89.25224928814357,59.99461,52.21803,44.41451,-2.096109512808573,-18.251543911695897
보호자,100.0,64.38409,64.11896,62.2226,5.6290013617914525,-1.4155931029062572,30.38294,-14.247875173000752,-61.14929641370494
길위에 김대중,61.44207,72.56097,79.42073,75.60018635864003,80.42532954306365,63.52134,60.67987,-0.6914735877477265,-4.0471425753054575
패스트 라이브즈,66.2329,80.49518,91.47591,75.60018635864003,54.10378261862156,66.90103,50.60541,-3.980103477906373,-21.247636550119473
블루 자이언트,76.93347,95.82352,87.97628,75.60018635864003,87.1756466870174,72.95317,74.97602,-1.8719172611779495,-5.715085193987534
몬스터 패밀리 2,100.0,94.92723,85.07385,75.19073687069451,58.22590164174531,52.39031,46.17085,-9.764615655651953,-36.535600337091864
다음 소희,67.02359,69.20908,90.66881,75.60018635864003,57.13955508802664,56.37375,56.96439,-3.192054103999048,-18.799518226984453
스트레인지 월드,60.22453,51.36966,70.95733,75.60018635864003,61.58129372541372,40.2082,39.72647,-3.328326295520939,-17.365938681188766
에브리씽 에브리웨어 올 앳 원스+,100.0,62.05956,57.26163,24.894851571145985,28.323911137763247,41.96142,45.23274,-8.336992102222741,-22.54798668019874
캐리와 슈퍼콜라,52.95912,59.9645,66.57052,20.13492316636336,55.74077524581473,100.0,84.28088,5.828804830207669,30.099952623680736
에어,62.07442,72.50694,73.62455,75.60018635864003,36.21932591331486,38.49085,44.66435,-5.630986217381612,-31.16001545188839
어메이징 모리스,54.7951,60.97347,73.59078,75.60018635864003,53.38518278113467,48.17702,47.71695,-2.3940338292451906,-16.48016649594846
블랙폰,69.77915,100.0,99.11142,44.433744477493015,53.68332526690051,64.61615,42.06482,-7.11924231189641,-24.87631353040642
스마일,59.80672,71.35662,36.33502606260292,91.71449075599529,71.04069,47.74763,40.43858,-2.5220262879501045,-11.727580871316214
추락의 해부,93.3494,100.0,87.14351,69.12222806456556,78.75638313932541,76.83479,63.88075,-5.111553459309808,-14.24647680303292
뉴 노멀,58.08263,75.89417,73.66356,75.60018635864003,75.56681675053474,77.88331,71.72112,1.671321669661954,4.24694566051825
비키퍼,80.07967,87.23357,94.12694,75.60018635864003,48.29438305767634,45.74228,44.93377,-8.36617274794013,-37.936613903767885
엘비스,96.19069,100.0,88.24501,62.92462332160242,63.39676587395456,70.10373,61.92678,-6.69401836164448,-21.69765553908242
스노우 폭스: 썰매개가 될 거야!,37.46103,62.18758,75.60018635864003,73.69336290295568,38.50665,28.25162,21.1618,-5.495112369951429,-32.92884981539892
화사한 그녀,62.84196,90.58772,86.99695,75.60018635864003,65.61123461548154,52.77492,43.42185,-5.5454159065899455,-25.07070255116617
방탄소년단: 옛 투 컴 인 시네마,42.11079,100.0,61.37213,3.091864210166378,23.64106226741921,32.22884,33.35086,-7.126899204735031,-21.903441963401864
"여름을 향한 터널, 이별의 출구",47.65229,84.00574,75.60018635864003,66.52951281684983,52.05459,47.3477,43.04885,-3.9525712985228583,-20.96321896053913
파벨만스,53.62419,60.61836,74.75527,75.60018635864003,55.44261639028633,52.90612,48.71325,-1.7667840574897735,-13.795506126231224
엑소시스트: 믿는 자,53.58088,66.63497,70.99131,75.60018635864003,56.726660566614896,44.24561,34.69037,-4.132674979763753,-21.480956400788372
챌린저스,67.18599,90.35105,94.29423,67.83151863995425,82.89105777034366,90.91227,100.0,3.148617777512274,11.352078763459346
샤잠! 신들의 분노,68.00399,78.27349,80.58376,75.60018635864003,55.34328467098544,41.68655,34.88707,-7.063039833179092,-31.64305503266486
치킨래빗: 잃어버린 보물을 찾아서,75.60018635864003,70.13469110763955,34.17157,28.27111,30.65487,30.31434,45.6516,-6.178684331828543,-16.504119366569896
보 이즈 어프레이드,53.77685,61.11548,55.07383,75.60018635864003,25.423107360783327,45.19369,36.11613,-4.088445094257739,-25.813944136065565
도티와 영원의 탑,63.07378,67.50217,77.60321,71.92193110514376,91.71449075599529,87.32947,42.09216,-0.32782068728588293,3.686767475712486
쏘우 X,71.83176,85.44549,91.51317,75.60018635864003,69.00715823128392,54.38662,49.37869,-5.427962920311289,-23.506828845898703
익스펜더블 4,84.50743,99.00015,93.993,75.60018635864003,53.34764691555178,41.72298,35.5669,-10.786474395873151,-44.729349284476086
본즈 앤 올,100.0,91.68885,79.10785,54.40195868239428,78.97726034574052,61.27907,57.37917,-6.743308559080696,-15.421164555351723
극장판 5등분의 신부,48.21793,78.05534,75.60018635864003,57.80102445412919,48.51943,41.72499,35.19974,-4.957000941380002,-23.10390020319231
신체모음.zip,67.70229,59.46383,66.2315,71.56053329939839,91.71449075599529,58.98152,45.69159,-1.4826331872858831,-0.7770047395178352
시맨틱 에러: 더 무비,52.55693,65.44388,69.08495,33.90311522154357,91.71449075599529,63.23469,76.80349,3.248244312714117,22.003671446612536
수라,48.13091,98.13091,75.55691,75.60018635864003,67.11239095283315,62.96155,56.26335,-1.9423542516845298,-12.242298772048962
핑크퐁 시네마 콘서트3 : 진저브레드맨을 잡아라,74.79967,78.89957,84.54861,65.08572013060011,91.71449075599529,91.65331,71.88835,0.8549785984284034,9.251991052681745
티켓 투 파라다이스,74.09346,71.76841,78.74098,75.60018635864003,53.94393188708346,51.93882,41.02702,-5.844841004032732,-26.080835127298855
슬픔의 삼각형,77.3485,81.58278,84.36232,75.60018635864003,68.19125652505537,64.19561,51.30578,-4.609770124105166,-18.492564414641556
기동전사 건담 시드 프리덤,74.43226,70.53641,79.57126,75.60018635864003,52.664847748814886,42.75646,46.50548,-5.937380437542326,-27.72609984005505
더 웨일,100.0,79.33076,79.01144,56.215342104894745,58.456600705705,51.59326,51.78286,-7.881473546224821,-24.695145290988684
애스터로이드 시티,100.0,92.13076,93.75929,74.15961483891385,74.49492469716917,67.94804,62.66436,-6.415597332243957,-21.643307977338722
바람 따라 만나리 : 김호중의 계절,58.84987,98.4235,91.54424,75.60018635864003,71.68484214437605,71.7843,59.6202,-2.52952885198657,-13.408001708201311
류이치 사카모토: 오퍼스,76.26968,100.0,85.00507,66.21194575185879,59.24930645836578,68.10563,38.73793,-7.219276912201222,-26.507385118509426
고고다이노 극장판: 얼음공룡의 비밀,26.49674,30.64516,41.45094,10.152941227637086,91.71449075599529,62.45851,18.4986,3.2105653841426887,30.37075494508916
사운드 오브 프리덤,63.54038,64.75101,71.26517,75.60018635864003,56.82036108759024,51.25461,46.19743,-3.338087818300348,-17.365052893796587
인생은 뷰티풀: 비타돌체,42.80733,84.38742,98.66118,48.29535428599918,89.8881327153425,100.0,46.05676,1.1500143826908023,10.110476500281038
엔니오: 더 마에스트로,80.12213,84.94419,93.89345,75.60018635864003,75.82385476247649,75.36323,70.43588,-2.3675094727686976,-9.765667502167858
핑크퐁 시네마 콘서트 2: 원더스타 콘서트 대작전,43.13397,50.63463,69.14076,75.60018635864003,66.59337126065218,53.17315,45.32776,0.3253936164518633,-4.595959502775948
고스트버스터즈: 오싹한 뉴욕,49.26744,62.91063,92.04092,75.60018635864003,27.18336430016104,27.07303,23.42658,-7.644833417851392,-44.06046932293965
거울 속 외딴 성,62.60561,79.86055,79.37183,75.60018635864003,59.84893086146261,51.59104,46.0718,-4.487976754947764,-21.855620469172464
스즈메의 문단속: 다녀왔어,77.82298,80.88743,79.60252,75.60018635864003,75.27572963243841,59.95141,65.27542,-2.994339655984342,-11.644092545513871
사랑할 땐 누구나 최악이 된다,80.29593,91.74474,75.60018635864003,61.6477549614654,71.00662,80.78153,74.77719,-1.5384359413799997,-1.8003728300263617
악은 존재하지 않는다,87.74213,77.94498,81.44287,75.60018635864003,59.73065932686325,69.71884,56.91189,-4.666257524040598,-18.5620784807056
랜드 오브 배드,58.20297,72.54139,86.93986,75.60018635864003,50.80061007756518,50.1873,53.7619,-3.3632371400869587,-21.737831563804946
더 와일드: 야수들의 전쟁,66.65169,76.53398,76.14266,75.60018635864003,48.60188904763468,45.65865,48.22786,-5.162961462584477,-26.23599607378179
극장판 아이돌리쉬 세븐; 라이브 4비트 비욘드 더 피리어드 - 데이 2,70.49266,86.89727,75.60018635864003,70.95200061344951,59.38155,66.09014,53.77358,-3.8567905842371437,-16.23710590968905
애프터 양,77.78618,57.33974,72.3165,50.574736965484334,91.71449075599529,86.02853,50.57831,-0.1731442587144539,11.602821010627352
지오디 마스터피스 더 무비,76.17915,91.73674,78.95795,75.60018635864003,69.74847929922396,62.44972,56.83729,-4.493181810742001,-17.60667682325201
너와 나,82.90574,86.4316,100.0,63.68422314741815,72.93945348759603,88.92852,76.78693,-1.4436834468715698,-3.7037562909891903
오토라는 남자,81.20409,85.07683,88.31389,75.60018635864003,51.54527057707038,55.70573,52.58902,-6.477001050818914,-29.26874223063654
씬,67.98013,65.36023,68.74427,75.60018635864003,54.9202736363028,65.52574,59.79294,-1.3590909415606145,-9.341552877559067
TAR 타르,100.0,93.1536,89.41078,72.68640483370544,65.26565255777537,63.81322,69.29775,-6.247594194365166,-22.687155355834577
플레인,81.73211,80.82175,83.15227,75.60018635864003,37.072436089874834,44.50446,39.26685,-8.78964978250447,-40.04533039303506
롱디,70.8271,61.55484,63.46383,75.60018635864003,59.42505222936354,55.42065,47.3812,-3.0944592060941596,-13.785855013205499
골드핑거,100.0,75.37542,85.9123,61.11186475842835,32.64323669061966,44.7642,35.94495,-10.952023332477868,-42.815767292733874
슈가│어거스트 디 투어 ‘디-데이’ 더 무비,100.0,65.66339,74.20147,60.11942151895187,56.01875018408904,51.07493,48.09582,-7.252577850568248,-23.266236985041623
메이 디셈버,95.54231,100.0,90.56725,72.67524068040707,61.80004286269416,58.38876,52.77161,-8.582206683475208,-32.042729215870374
극장판 파워 디지몬 더 비기닝,82.07052,85.1122,73.95417,75.60018635864003,50.60127547869786,37.82156,33.66174,-9.39858980433222,-38.48941059676071
썸머 필름을 타고!,59.09422,90.6501,85.40297,75.60018635864003,83.98198785758314,80.61845,50.8522,-1.6503693622291729,-5.869323137132298
네가 떨어뜨린 푸른 하늘,80.06823,85.34741,84.38106,75.60018635864003,62.84574329594085,63.00488,58.9985,-4.622484525144969,-19.73284715767972
바튼 아카데미,87.42448,81.83359,90.59353,75.60018635864003,66.2966693139929,71.48913,60.04769,-4.539862524500253,-17.91845015166237
어른 김장하,81.80174,100.0,91.24736,52.53742010970591,39.65578106125123,56.94486,50.27116,-8.29619996209817,-32.439363007009405
양자경의 더 모든 날 모든 순간,62.79298,63.72725,71.91444,75.60018635864003,73.0935748022331,58.42484,78.42157,1.337860171508326,1.4712808444177057
괴담만찬,64.57191,71.54537,69.13955,75.60018635864003,52.03742748886688,45.91181,38.50171,-5.234994375397611,-24.730604926704373
이니셰린의 밴시,55.86905,58.54855,93.82747,75.60018635864003,57.70241300438158,63.51368,50.80707,-1.477883464129229,-13.620259754866147
파이어하트,41.65882,45.87006,67.17452,75.60018635864003,61.862755423116326,44.21809,36.05666,-0.9079351634601315,-10.196728115287897
리빙: 어떤 인생,86.84503,86.67781,92.97658,69.85314684729951,67.12334232399535,89.6321,100.0,0.6971518687141202,1.4970057295069097
마이 샤이니 월드,60.45152,75.60018635864003,74.754074408483,58.49627,48.13545,44.95061,43.13646,-4.995105611634396,-21.91800602511409
나의 올드 오크,86.63778,79.97334,100.0,66.80879055179159,54.78569781817942,58.98033,53.80428,-6.6321722207793075,-27.498208365221437
라이스보이 슬립스,71.7661,62.07249,88.94702,75.60018635864003,49.5582433167508,53.87312,52.57848,-4.048227738687471,-22.593167984076416
3000년의 기다림,64.70301,75.72216,93.08666,75.60018635864003,51.88590896647912,49.55371,46.25121,-5.317608965482889,-28.047727767500312
플로라 앤 썬,76.13874,75.60018635864003,22.65722316694084,62.12041,50.1178,37.52617,40.3534,-5.572981281579318,-16.463349881395217
큐어,54.60475,71.48724,93.53498,75.60018635864003,74.0680995078067,67.29319,50.22709,-1.4638557318640473,-9.94399592039111
고속도로 가족,83.73628,89.63069,83.18594,75.60018635864003,51.92552379190893,50.6661,49.56541,-7.560793078860395,-32.319262825690366
천룡팔부: 교봉전,58.47371,59.4053,71.79045,75.60018635864003,61.966474238787136,51.01454,42.89816,-2.6190052057576025,-14.357686843397637
프로메어,85.37124,96.90363,75.60018635864003,75.16369497737986,66.82464,68.87835,49.03633,-6.208244155665716,-21.67991450067165
스트리머,94.93113,79.62844,80.46124,75.60018635864003,67.42462780417544,52.49039,42.97725,-7.970512578422306,-28.357826488268188
닥터 스트레인지: 대혼돈의 멀티버스,83.58403,100.0,65.18006,-18.99053941293498,1.581481247773155,29.39095,23.51463,-13.750888526865243,-39.281033897508536
범죄도시2,81.79817,82.63932,76.11448,68.34815233102157,91.71449075599529,64.42164,52.31474,-3.9030585444287396,-7.741406997423624
해적: 도깨비 깃발,45.33693,61.04397,71.65502,54.15913834815535,77.12192782533126,90.19795,100.0,8.134431350904688,31.057861354738264
신비한 동물들과 덤블도어의 비밀,79.25939,79.88383,79.00153,75.60018635864003,71.63625668905551,51.73497,43.86055,-6.066411189676588,-22.692308526641504
더 배트맨,100.0,55.7364,43.09207,44.1211,-4.85938740369339,13.343466682901038,30.62402,-12.17375942992469,-47.701359406930784
씽2게더,61.66632,64.17486,72.95681,75.60018635864003,85.36010905942625,58.14185,53.5043,-0.862456462163348,-2.930791069851267
킹메이커,60.46166,66.49781,75.43259,68.90648496780392,82.21997935360997,92.36181,100.0,6.326086048343214,23.70262687591901
언차티드,74.54984,81.16732,81.27853,75.60018635864003,81.03312245768507,54.54545,45.69891,-5.001497769368391,-17.72314160376498
경관의 피,76.27623,82.15214,78.16748,71.77436016089237,91.71449075599529,53.51286,44.40415,-4.976706758714454,-13.882052288224656
극장판 주술회전 0,42.01268,75.90007,75.60018635864003,47.91525935645541,52.51182,48.99866,47.80609,-2.125391298522859,-10.584858928773862
이상한 나라의 수학자,75.39737,62.83018,77.1874,75.60018635864003,86.62940407967537,51.75079,42.80068,-3.9466730685830216,-12.36015939643488
모비우스,82.80799,81.70839,79.44563,75.60018635864003,60.68473819898154,46.44666,38.33459,-7.9537339928935165,-31.401886356666154
특송,52.99204,74.38707,79.9744,75.60018635864003,75.46060973095264,54.79422,45.96168,-2.3139489381802627,-11.999587512675795
니 부모 얼굴이 보고 싶다,56.10658,60.4018,74.65095,75.60018635864003,63.32017175486938,51.6757,47.90939,-1.9062338658975222,-12.38812517137022
뜨거운 피,60.44266,67.46342,76.7704,75.60018635864003,61.9993119825112,47.98663,38.56003,-4.2633056434817425,-20.55384259548959
배드 가이즈,62.14958,100.0,68.90816,-14.846638989405648,8.073221622103176,30.35136,24.80898,-11.1483577992106,-32.9749213786142
수퍼 소닉2,47.77463,61.47894,64.37263,75.60018635864003,87.75007802551238,53.02543,34.135,-1.2303022133745587,-4.003093914489213
나일 강의 죽음,55.75667,62.75034,71.68558,75.60018635864003,66.41811658253167,54.72196,46.01777,-1.8050329791952977,-10.728911895482788
문폴,46.9153,42.97785,70.01655,75.60018635864003,44.05801946154651,34.27209,28.20887,-3.553190733516196,-23.364478435811172
앵커,66.94521,75.45841,89.69753,75.60018635864003,69.87555776608829,67.56846,61.31508,-1.8747236512111325,-10.672301500963911
하우스 오브 구찌,100.0,90.39742,90.81925,62.30245089030621,70.66503867552193,58.35248,47.847,-8.596538975874216,-26.924940664069247
웨스트 사이드 스토리,87.24992,92.25328,91.8931,75.60018635864003,68.43559160123945,44.50395,40.54755,-9.252259942812879,-35.58675772258019
극장판 안녕 자두야: 제주도의 비밀,54.89522,78.16184,75.60018635864003,83.18821807035503,84.70453,91.78626,90.95748,5.162141558619999,16.188057226084567
앰뷸런스,51.41849,65.13182,80.2655,75.60018635864003,22.25089292032141,31.96249,31.31637,-6.594986681417092,-39.594081449552874
서울괴담,64.85568,67.17215,71.13485,75.60018635864003,58.436285830350286,47.94087,47.2653,-3.7118665774874904,-18.476564646209916
안테벨룸,65.05773,73.1093,71.23591,75.60018635864003,73.89682268199174,69.09944,56.44955,-1.1136909756431532,-4.768844028996085
스텔라,43.09566,59.41958,78.83398,75.60018635864003,67.13016851498884,46.10705,50.45587,-0.5802943387503993,-9.6729887513304
스펜서,49.59493,49.36625,79.15582,75.60018635864003,51.59950360047905,42.00218,44.778,-2.026258799982891,-17.302735389500334
인민을 위해 복무하라,98.76175,90.27394,90.46647,75.60018635864003,81.23517443713973,64.30976,54.28598,-6.9495344843878675,-22.1652817772801
그대가 조국,87.62803,85.76461,78.79361,75.60018635864003,83.23127054592547,70.50918,87.01074,-0.9973239090740904,-1.6962122410181877
나의 촛불,59.79275,84.96545,75.60018635864003,59.8212168534243,53.35914,46.21574,42.35178,-5.430834869951431,-22.73601413634941
나이트메어 앨리,82.97027,75.13949,76.48352,75.60018635864003,81.09143155197474,70.44479,55.09979,-3.1568903017151877,-8.6696960723351
어나더 라운드,72.34199,74.63083,89.75191,75.60018635864003,63.45658098640107,64.11695,56.34967,-3.403573179057104,-16.77349542752632
시라노,100.0,94.2359,92.18332,69.12874743020433,67.91814340626563,63.82679,56.36159,-7.714236664061941,-26.18481738879587
리코리쉬 피자,93.22194,84.3693,85.79459,75.60018635864003,80.47638683253291,68.49315,62.11101,-4.657260470266682,-14.386321812149035
우연과 상상,66.60961,100.0,92.80358,37.830231116100606,52.97137155301878,66.71556,56.38141,-4.895917444535044,-15.621408094685549
